9562348660
9544934175
9544022843
9361240536
9048936347
8921218529
8139059577
8086218158
7907091031
7902763541
7558917789
9846532050
9947651593
7012326621
6282989699
6282822421
6282786431
6238752678
7025192747
7902566514
9567885248
9605671704
9633181851
9947621690
7736551326
9961496229
9744443840
9778345345
9747749554
9847774513
9995132265
9920023137
9846770216
9846256332
9846209859
9846112662
9778231740
9778245345
9747649554
8848222519
9745992050
9745890973
9745841828
9744972632
9744170293
9744318943
9656335153
9656088526
9645730216
9633490960
9633311099
9605950222
9605199083
9605121937
9567817817
9562901828
9544342637
9544329501
9539733187
9539638317
9539611278
9539357927
9526714344
9495972126
9497409958
9497010736
9447970307
9446148425
9400015583
9074182478
9072756778
9072068630
9061875089
9061184237
9048513124
8714291500
8590056342
8593891226
8593078792
8111935987
8078501027
8075565908
8075029703
7909218894
7907920609
7902805810
7034493730
6238570261
6238242336
6238111513
6235926949
8848370371
8714071256
8606255983
8594002482
8593845408
9188833377
9188695909
9074115218
9074091202
9072095231
9061677275
9495239832
9495167881
9447889458
9447833159
9447778040
9447626391
9447585046
9645317699
9645239975
9645217282
9645028491
9633840080
9048132420
8075856048
7306142846
9497627110
8086245882
8891704775
7510619839
7994328093
8089481762
9048670815
9497843794
8281580708
9633465629
8129109273
8086352383
8129400242
8137050236
9061595441
7592869832
8129752006
6282874545
9995933204
9745614079
9447292469
8606532325
9349732811
8139804034
9496355745
9562406178
9946962987
9446851129
7907384964
9074933685
9074603117
9747771982
9656123582
9946448020
8281590164
8921712162
9539232155
9605389876
9446921200
6238852297
8547495657
9961009846
9746052916
9539680715
9400348628
9947153567
7907943495
9809481029
9947373512
9961394888
8281415744
9947094230
8848972700
8129671835
9744837614
9995022314
8330831588
9744822106
9400267810
8547240738
9544434936
9400944260
9544408879
9539643154
9495274966
9562960139
9387208114
9349546321
9744874775
9746085433
9847445988
8547376115
8089468190
8921443741
8547492692
9947107960
9961714591
9895625318
9656372712
9446742090
9061750350
9744423253
9876477006
8921493984
9961818052
9946548051
9447581387
7558940876
9961680260
8848145454
9544885067
9656070125
9447663586
8289919610
9744536274
9846996381
9605606975
9995242052
9947865587
9447389405
9496194050
9947993721
9539117070
9496435932
9349777201
8078475138
9072727082
8156945929
9447435440
9605353734
9037146835
9526834190
9539642288
7012096705
9447383894
9446210163
9495736432
9744214502
9496336372
9895888928
9947763229
9846671414
9747652024
9847944484
9142170562
9249114177
8593987980
9495332506
8921077171
9847784182
7561813451
9744949134
7012500596
9847948154
9747481174
9349174339
9447310457
8606662032
9048034506
9645667237
9605482121
8606834009
7736217699
9544128297
7994182596
7012425802
9746642122
9539007733
9495129298
7025004528
9656775639
9745232785
9747016266
9633255248
9946996723
8111928308
9447576294
9947490951
9497025691
8075419746
9496496561
9745878920
9746156652
9995652405
9746762458
9995343704
9995449006
9544442221
9846691970
9495691306
9961824658
9562087120
8157898381
9633885486
9526851414
9745963353
9895870030
9496014896
9495376045
9446742410
9747837302
8547979568
9072948061
9895350914
9526010486
9497687704
9048397434
9596189958
9847916187
9495920770
9946042229
9447259746
8281968820
8588944202
8943725854
9744644562
8301935949
9605495698
9745583037
9633394402
8129577140
9446906163
9249406222
9961430918
9947627273
8089805611
9895355003
9947093725
9995808231
9656332164
9142027911
9447294224
9567231421
9447767061
9846132305
9446323287
9895150496
9589511381
9747212501
8547983386
9447814875
9446321708
8129505851
9961885702
9656561217
9847328975
8547618257
9447568431
9495222361
9567779011
7062725405
9544591244
9847928990
9747244897
9947518807
9656998404
9895319989
9447488921
8547474848
9544145790
9947890782
9961889589
9744749821
9567239351
9048187826
9446071205
9946347068
9995241935
9447872828
9495715094
9846401141
9400461557
9995840384
9447721946
9495241184
8086014221
9747002095
7994681488
9746677741
9847544684
9961629987
8652189098
9747818030
9061539763
9495412169
9995247888
9947553811
9497687130
9142070189
9495045091
9961815570
9895633809
7907147202
9946896690
9061453958
8547367201
9446687983
9947910500
9947455367
9747653163
9562346969
9447236265
9947020416
9072392018
9947300456
9847219461
9446327389
8547049574
9447810684
9495116561
9999035250
9447664242
9846067759
9847366528
9037016607
9656151950
7558926454
9633475157
9544859284
9446806337
9895142533
7025536889
9895325383
9633704937
9747821421
9539595247
9495571881
9744180712
8113065840
9446631041
9946458676
8113947898
9847851229
9349594193
9947118700
9447785347
9747631558
9526386729
7025660999
9947149731
9847746014
9846117505
8606611411
9495716349
9947818877
9895230770
9074786265
9895621230
9633707050
9895482369
9048413458
8547969618
9544629266
9895098799
8547866942
9961729120
9287658002
9349906682
9745802886
9447207577
9605447580
9744638658
9895878806
9645143022
9947476102
9778094203
7593910285
8590096175
7306673620
9188872560
9778173773
8590124741
9567505617
9496853780
9895050385
9847872451
9778026179
7306111984
9567932700
8086069793
9562011355
8606851987
7812569059
9567775065
7560992378
7902449482
8156854591
8129766212
8590714432
8157098504
8606708832
7994957195
8289901463
9072082260
9061716038
9847141011
9778085196
7907234680
8089118543
8317416220
7907518360
9074664747
8590574896
9544375843
7306359141
9446411561
9072505770
9778379209
8590776595
8156981961
9447674215
9544163277
9400381469
7306258760
7907721848
7907123872
7012755712
9746216959
9061334375
7909194837
9746318263
7356233123
9645876267
9562639426
9778373988
8590531669
8590258507
9947364780
8547261597
8921884239
9895085429
9656606335
9074771560
7902503745
7025999602
8921618352
9080640484
7012545854
8075575973
7907756823
7902934523
7034183837
7306290139
7356628386
9495320970
8590392229
9895608493
9074508128
8590693829
8139805329
9847222489
8943470585
9645658046
7025314122
7560989314
8075638098
7306579300
8304903984
9061808187
9633125211
9778576858
8137849723
9747294278
8921147396
9746826473
7356329324
9746657970
9645467433
6282813053
9946071229
9995873026
7012455206
8590720632
8281385414
9746641192
9778313611
9037991788
6235873596
8921545895
8137017335
9188580319
9745974130
8921287358
9497251529
9048633165
8593054940
8848090297
7902971332
7559892394
6282939118
8714967036
8281250128
9446804973
9495395582
7025008337
9207515234
8590866530
8094539926
9846567080
9946852973
9447212034
8848372891
9544357951
9946095343
9037009130
6282826684
9645405025
9778181012
7356184180
9567938951
7736628317
8590835220
8139880561
9656235495
8590615688
9746628987
6282960734
8606235330
9778118621
7561884179
8129896215
8921724544
8943570690
6238566976
6235428805
8921311043
9656449685
6282127152
7510436348
6238465995
8089913109
6282928964
9995164600
8590756604
7034461925
9495051178
9895730424
9961453344
9037519345
9188102260
9846923358
6235762328
9074042287
7012741712
7306649618
9074477179
8848361784
8590215637
9288074767
9656137371
9605247128
7356333795
9778212130
9633837927
9061874909
8547727213
7736829471
8138838211
9446441360
7736626745
8078985135
9947858872
7558859726
9778120109
7559825116
9947996134
7594890365
7907795114
9744287695
8547384722
9567145291
9778593236
8848998781
7736837848
9495133896
9061337457
7356869132
8075712865
8220520078
6235658260
8086772961
9946905281
7034631559
9895420813
8413888957
7593016050
8547041337
8921854378
6282189998
8590559597
9061575273
8089756851
9605081546
7907377337
9645109614
8921840329
7736266851
9778094506
9847606590
9847591404
7356662347
9895359219
8301861452
8590809946
9745123699
9074661356
8156928814
9746574538
8089512006
9207773452
9061850217
9526457415
9633371466
8848929101
7306242608
9947077859
8281928457
9946949068
9072168363
8157827724
9074100522
8921836906
8078703739
7560983451
8590770919
9778008906
7356623727
7994836692
9447866409
9747216753
7306363026
9846367766
9778216311
9496455225
6282116845
8606347247
8374940386
9074077684
9074484583
9947038363
8078885834
9072581686
9446340593
6238997527
9961887551
8943001818
8891675071
7907503359
9947464667
9946033053
7736869634
9746211953
7306097726
7559871095
9995822061
8089595128
8848124774
9746309634
9495060159
8078480418
9497690177
8129578877
6235301647
7025148381
8848581785
7736026686
6235718538
7356890932
8848064625
8089166134
9544942629
9847515297
7356091879
7907115198
9567750815
6282357583
8281547277
9744539118
9188544727
7025871616
9495215974
9846950572
9744878901
9645403097
9947414451
9567019980
6282224160
8113970071
9747130012
9061565687
9061763566
8848832956
8590055240
8136838051
9567911860
8921816437
8281188357
8129243686
9605432685
8590330988
8129502972
9074647562
7012133560
7306444456
8589819352
9778120729
9037105783
8590445713
7736624525
7306398133
8138036223
9567492938
7736240664
8137050925
8129476683
8547364948
7736352728
8590297229
9037101563
7025529581
6282142019
9656290366
8848691518
9995630731
9037164713
8547652963
7736316387
7736603274
9496930070
9746946373
7306758658
9605553200
8137074549
6238684697
9037520657
8075563642
8590723237
7736710839
9447254357
9645389779
8075133413
9383458701
7994199651
8129358598
8590477781
9847406347
6282945639
7736485159
8590666641
7560906720
7736154407
7907559016
8078985859
6235413053
9995894212
8590657748
9747316369













































































































































